00000000000000000000000000000000000000000000000000000000000000000000000000000000000000000000
00000000000000000000000000000000000000000000000000000000000000000000000000000000000000000000
00000000000000000000000000000000000000000000000000000000000000000000000000000000000000000000
00000000000000000000000000000000000000000000000000000000000000000000000000000000000000000000
00000000000000000000000000000000000000000000000000000000000000000000000000000000000000000000
00000000000000000000000000000000000000000000000000000000000000000000000000000000000000000000
00000000000000000000000000000000000000000000000000000000000000000000000000000000000000000000
00000000000000000000000000000000000000000000000000000000000000000000000000000000000000000000
00000000000000000000000000000000000000000000000000000000000000000000000000000000000000000000
00000000000000000000000000000000000000000000000000000000000000000000000000000000000000000000
00000001111111111111111111111111111111111111111111111111111111111111111111111111111000000000
00000001000000000000000000000000000000000000000000001000000000000000000000000000011000000000
00000001000000000000000000000000000000000000000000000000000000000000000000000000001000000000
00000001000000000000000000000000000000000000000000000000000000000000000000000000001000000000
00000001000000000000000000000000000000000000000000000000000000000000000000000000001000000000
00000001000000000000000000000000000000000000000000000000000000000000000000000000001000000000
00000001000001111111100000000000000000000000000000000000000000000000000000000000001000000000
00000001000001777777100000000000000000000000000000000000000000000000000000000000001000000000
00000001000001777677100000000000000000000000000000000000000000000000000000000000001000000000
00000001000001777777100000000000000000000000000000000000000000000000000000000000001000000000
00000001000001777777100000000000000000000000000000000000000000000000000000000000001000000000
00000001000001777777100000000000000000000000000000000000000000000110000000000000001000000000
00000001000001111711100000000000000000000000000000000000000000000100000000000000001000000000
00000001000000001710000000000000000000000000000000000000000000000000000000000000001000000000
00000001000000001710000000000000000000000000000000000000000000000000000000000000001000000000
00000001000000001710000000000000000000000000000000000000000000000000000000000000001000000000
00000001000000001710000000000000000000000000000000000000000000000000000000000000001000000000
00000001000000001711111111111111111111111111111111000000000000000000000000000000001000000000
00000001000000001777777777777777777777777777777771000000000000000000000000000000001000000000
00000001000000001111111111111111111111111111111171000000000000000000000000000000001000000000
00000001000000000000000000000000000000000000000171000000000000000000000000000000001000000000
00000001000000000000000000000000000000000000000171000000000000000000000000000000001000000000
00000001000000000000000000000000000000000000001171100000000000000000000000000000001000000000
00000001000000000000000000000000000000000000001777100000000000000000000000000000001000000000
00000001000000000000000000000000000000000000001767100000000000000000000000000000001000000000
00000001000000000000000000000000000000000000001777100000000000000000000000000000001000000000
00000001000000000000000000000000000000000000001111100000000000000000000000000000001000000000
00000001000000000000000000000000000000000000000000000000000000000000000000000000001000000000
00000001000000000000000000000000000000000000000000000000000000000000000000000000001000000000
00000001000000000000000000000000000000000000000000000000000000000000000000000000001000000000
00000001000000000000000000000000000000000000000000000000000000000000000000000000001000000000
00000001000000000000000000000000000000000000000000000000000000000000000000000000001000000000
00000001000000000000000000000000000000000000000000000000000000000000000000000000001000000000
00000001000000000000000000000000000000000000000000000000000000000000000000000000001000000000
00000001000000000000000000000000000000000000000000000000000000000000000000000000001000000000
00000001000000000000000000000000000000000000000000000000000000000000000000000000001000000000
00000001000000000000000000000000000000000000000000000000000000000000000000000000001000000000
00000001000000000000000000000000000000000000000000000000000000000000000000000000001000000000
00000001000000000000000000000000000000000000000000000000000000000000000000000000001000000000
00000001000000000000000000000000000000000000000000000000000000000000000000000000001000000000
00000001000000000000000000000000000000000000000000000000000000000000000000000000001000000000
00000001000000000000000000000000000000000000000000000000000000000000000000000000001000000000
00000001000000000000000000000000000000000000000000000000000000000000000000000000001000000000
00000001000000000000000000000000000000000000000000000000000000000000000000000000001000000000
00000001000000000000000000000000000000000000000000000000000000000000000000000000001000000000
00000001000000000000000000000000000000000000000000000000000000000000000000000000001000000000
00000001000000000000000000000000000000000000000000000000000000000000000000000000001000000000
00000001000000000000000000000000000000000000000000000000000000000000000000000000001000000000
00000001000000000000000000000000000000000000000000000000000000000000000000000000001000000000
00000001000000000000000000000000000000000000000000000000000000000000000000000000001000000000
00000001000000000000000000000000000000000000000000000000000000000000000000000000001000000000
00000001000000000000000000000000000000000000000000000000000000000000000000000000001000000000
00000001000000000000000000000000000000000000000000000000000000000000000000000000001000000000
00000001000000000000000000000000000000000000000000000000000000000000000000000000001000000000
00000001000000000000000000000000000000000000000000000000000000000000000000000000001000000000
00000001000000000000000000000000000000000000000000000000000000000000000000000000001000000000
00000001000000000000000000000000000000000000000000000000000000000000000000000000001000000000
00000001000000000000000000000000000000000000000000000000000000000000000000000000001000000000
00000001000000000000000000000000000000000000000000000000000000000000000000000000001000000000
00000001000000000000000000000000000000000000000000000000000000000000000000000000001000000000
00000001000000000000000000000000000000000000000000000000000000000000000000000000001000000000
00000001000000000000000000000000000000000000000000000000000000000000000000000000001000000000
00000001000000000000000000000000000000000000000000000000000000000000000000000000001000000000
00000001000000000000000000000000000000000000000000000000000000000000000000000000001000000000
00000001000000000000000000000000000000000000000000000000000000000000000000000000001000000000
00000001000000000000000000000000000000000000000000000000000000000000000000000000001000000000
00000001000000000000000000000000000000000000000000000000000000000000000000000000001000000000
00000001000000000000000000000000000000000000000000000000000000000000000000000000001000000000
00000001000000000000000000000000000000000000000000000000000000000000000000000000001000000000
00000001000000000000000000000000000000000000000000000000000000000000000000000000001000000000
00000001000000000000000000000000000000000000000000000000000000000000000000000000001000000000
00000001000000000000000000000000000000000000000000000000000000000000000000000000001000000000
00000001000000000000000000000000000000000000000000000000000000000000000000000000001000000000
00000001111111111111111111111111111111111111111111111111111111111111111111111111111000000000
00000000000000000000000000000000000000000000000000000000000000000000000000000000000000000000
00000000000000000000000000000000000000000000000000000000000000000000000000000000000000000000
00000000000000000000000000000000000000000000000000000000000000000000000000000000000000000000
00000000000000000000000000000000000000000000000000000000000000000000000000000000000000000000
00000000000000000000000000000000000000000000000000000000000000000000000000000000000000000000
00000000000000000000000000000000000000000000000000000000000000000000000000000000000000000000
00000000000000000000000000000000000000000000000000000000000000000000000000000000000000000000
00000000000000000000000000000000000000000000000000000000000000000000000000000000000000000000
00000000000000000000000000000000000000000000000000000000000000000000000000000000000000000000
-