00000000000000000000000000000000000000000000000000000000000000000000000000000000000000000000
00000000000000000000000000000000000000000000000000000000000000000000000000000000000000000000
00000000000000000000000000000000000000000000000000000000000000000000000000000000000000000000
00000000000000000000000000000000000000000000000000000000000000000000000000000000000000000000
00000000000000000000000000000000000000000000000000000000000000000000000000000000000000000000
00000000000000000000000000000000000000000000000000000000000000000000000000000000000000000000
00000000000000000000000000000000000000000000000000000000000000000000000000000000000000000000
00000000000000000000000000000000000000000000000000000000000000000000000000000000000000000000
00000000000000000000000000000000000000000000000000000000000000000000000000000000000000000000
00000000000000000000000000000000000000000000000000000000000000000000000000000000000000000000
00000001111111111111111111111111111111111111111111111111111111111111111111111111111000000000
00000001000000000000000000000000000000000000000000001000000000000000000000000000011000000000
00000001022222222222222222222222222222222222222222222222222222222242222222222222221000000000
00000001022222222222222222222222422222222222222222222222222222222222222222222222221000000000
00000001022222222222222222222222222222222222222222222222222222222222222222222222221000000000
00000001022222222422222222222222222222222222222222222222222222242222222222222222221000000000
00000001022221111111122222222222222222222222222222222222222222222222222222222222221000000000
00000001022221222222122222222222244222422222222222224222222222222222222222222222221000000000
00000001022221222222122222222222222222222222222222222222222222222222222222222222221000000000
00000001022221222522122222222222222222222222222222222222222222222222222222222222221000000000
00000001022221222222122222222422222222222222222222222222222222222222222222222222221000000000
00000001022221222222122222222222222222222222222222222222222222222112222222222222221000000000
00000001022221111211122222222222222222222222222222222222222222222122222222222222221000000000
00000001022222222222222222222222222222222222222222222222222222222222222222222222221000000000
00000001022222222222222224222222222222222222222222222222222222222222222222222222221000000000
00000001022222222222222222222222222222222222222222222222222242222222222222222222221000000000
00000001022222222222222222222222222222222222222222222222222222222222222222222222221000000000
00000001022222222222222222222222222222222222222222222222222222222222222222222222221000000000
00000001022222222222222222222242222222222222222222222222222222222222222222222222221000000000
00000001022222242222222222222222222222222222222222222222222222222222222222222222221000000000
00000001022222222222222222222222242222222222222222222222222222222222222222222222221000000000
00000001022222222222222222222222222222222222222222222222222222222222222222222222221000000000
00000001022222222222222222222222222222222222222222222422222222222222222222222222221000000000
00000001022222222222222222222222222222222222222252222222222222222222222222222222221000000000
00000001022222222222222222222222242222222222222222222222222222222222222222222222221000000000
00000001022222222222222222222222222222222222222222222222222222242222222222222222221000000000
00000001022222224222222222422222222222222222222222222222222222222222222222222222221000000000
00000001022222222222222222222222222222222222224222222222222222224222222222222222221000000000
00000001022222222222222222222222222222222222222222222222222222222222222222222222221000000000
00000001022222222222222222222222222222222222222222222222222222222222222222222222221000000000
00000001022222222222222222422222222222222222222224222222222222222222222222222222221000000000
00000001022222222242222222222222222222222222222222222222222222222222222222222222221000000000
00000001022222222222222222222222222222222222222222222222222222222222222222222222221000000000
00000001022222222222222222224222222222222222222222222222222222222222222222222222221000000000
00000001022222222222222222222222222222222242222222222222222222422222222222222222221000000000
00000001022222222222222222222222242222222222222222222222222222222222222222222222221000000000
00000001022222222222222222222222222222222222222222222242222222222222222222222222221000000000
00000001022222222222222222222222222222222222222222222222222222222222222222222222221000000000
00000001022222222222222222222222222222222224222222222222222222222222222422222222221000000000
00000001022222222422222222222242222222222222222222222222222222222222222222222222221000000000
00000001022222222222222222224222222222222222222222222222222222222222222224222222221000000000
00000001022222222222222222222222222222222242222222222224222222222222222222222222221000000000
00000001022222222222222222222222222222222222222222222222222222222222222222242222221000000000
00000001022222222222222222222222222222222222222222222222222222222222222222222222221000000000
00000001022222222222222224222222222222222222222222222222222242222222222242222222221000000000
00000001022222222222222222222222222222222222222222222222222222222222222222222222221000000000
00000001022222224222222222222222222222222222222222222222222242222222222222222222221000000000
00000001022222222222222222442222222222222242222222222222222222222222222222222222221000000000
00000001022222222222222222222222222222222222222222222222222222222222224222222222221000000000
00000001022222222222222222222222222222222222222222222222222222222222222222222222221000000000
00000001022222222222222222224222222222222222222222222422222222222222222222222222221000000000
00000001022222222222222222222222222222222222222222222222222222222242222222222222221000000000
00000001022222222222222222222222222222222222222222222222222222222222222222222222221000000000
00000001022222222222222222222222222222222222222222222222222222222222222222222222221000000000
00000001022222222222222222222222222222222222222222222222222222222222222222222222221000000000
00000001022222222422222222222222222222222222224222222222222222222222222422222222221000000000
00000001022222222222222222222222222222222222222222222222222222222222222222222222221000000000
00000001022222222222222222222222222222222222222222222222242222222222222222222222221000000000
00000001022222222222222222222222222222222222222222222222222222222222222222222222221000000000
00000001022222222222222222222222422222222222222222222222222222222222222222222222221000000000
00000001022222222222222222222222222222222222222222222222222222222222222222222222221000000000
00000001022222222222222222222222222222222222222222222222222222222222222222222222221000000000
00000001022222222222422222222222222222222222224222222222222222222222242222222222221000000000
00000001022222222222222222222222222222222222222222222222222222222222222222222222221000000000
00000001022222222222222222222222222222222222222222222222222222222222222222222222221000000000
00000001022222222222222222222222222222222222222222222222222222222222222222222222221000000000
00000001022222222242222222222222222222222242222222222222222222222422222222222222221000000000
00000001022222222222222222222222222222222222222222222222222222222222222222222222221000000000
00000001022222222222222222222222242222222222222222222222222222222222222222222222221000000000
00000001022222222222222222222222222222222222222222222222222422222222222242222222221000000000
00000001022222222224222222222222222222222222222242222222222222222222222222222222221000000000
00000001022222222222222222222222222222222222222222222222222222222222222222222222221000000000
00000001222222222222222222222222222222222222222222222222222222222222222222222222221000000000
00000001111111111111111111111111111111111111111111111111111111111111111111111111111000000000
00000000000000000000000000000000000000000000000000000000000000000000000000000000000000000000
00000000000000000000000000000000000000000000000000000000000000000000000000000000000000000000
00000000000000000000000000000000000000000000000000000000000000000000000000000000000000000000
00000000000000000000000000000000000000000000000000000000000000000000000000000000000000000000
00000000000000000000000000000000000000000000000000000000000000000000000000000000000000000000
00000000000000000000000000000000000000000000000000000000000000000000000000000000000000000000
00000000000000000000000000000000000000000000000000000000000000000000000000000000000000000000
00000000000000000000000000000000000000000000000000000000000000000000000000000000000000000000
00000000000000000000000000000000000000000000000000000000000000000000000000000000000000000000
-